0 0 0 0
0.08 0.08 0.1 3
0.06 0.06 0.05 1
0.1 0.1 0.15 2
0.08 0.08 0.08 1
0.09 0.15 0.4 2
0.1 0.1 0.43 2
0.15 0.02 0.34 0
0.2 0.14 0.35 1
0 0 0.5 3
0.18 0.18 0.55 3
0.06 0.06 0.51 1
0.1 0.1 0.52 2
0.1 0.1 0.7 3
0.2 0.2 0.7 2
0.12 0.12 0.75 3
0.05 0.07 0.7 0
0.1 0.25 0.1 1
0.15 0.32 0.05 1
0.2 0.29 0.25 2
0.12 0.28 0.2 1
0.18 0.3 0.37 2
0.1 0.27 0.31 2
0.18 0.31 0.32 1
0.06 0.29 0.35 1
0.09 0.3 0.68 3
0.04 0.28 0.55 0
0.09 0.255 0.6 1
0.08 0.325 0.62 3
0.15 0.275 0.8 3
0.12 0.245 0.75 2
0.15 0.295 0.75 1
0.1 0.256 0.7 1
0.18 0.32 0.04 3
0.2 0.45 0.28 3
0.06 0.35 0.12 1
0.1 0.42 0.22 1
0.18 0.4 0.32 1
0.09 0.33 0.31 0
0.19 0.38 0.38 2
0.02 0.33 0.36 1
0.2 0.49 0.6 3
0.14 0.49 0.55 2
0.18 0.33 0.61 2
0.115 0.35 0.65 0
0.17 0.36 0.8 2
0.1 0.39 0.75 2
0.13 0.39 0.85 3
0.18 0.34 0.71 3
0.09 0.51 0.02 2
0.06 0.5 0.09 1
0.23 0.7 0.19 2
0.09 0.55 0.12 1
0.24 0.75 0.32 3
0.18 0.72 0.37 2
0.1 0.6 0.33 1
0.2 0.52 0.36 2
0.09 0.6 0.66 2
0.18 0.51 0.58 3
0.08 0.58 0.6 1
0.09 0.61 0.53 1
0.06 0.77 0.72 2
0.15 0.79 0.78 2
0.2 0.68 0.73 1
0.24 0.58 0.76 2
0.25 0.1 0.03 0
0.32 0.2 0.06 0
0.29 0.06 0.19 2
0.28 0.1 0.12 1
0.3 0.08 0.4 2
0.27 0.12 0.37 2
0.31 0.1 0.41 3
0.29 0.15 0.33 0
0.3 0.2 0.52 2
0.28 0.16 0.69 3
0.255 0.18 0.5 0
0.265 0.06 0.57 1
0.275 0.1 0.72 1
0.245 0.1 0.71 0
0.295 0.2 0.86 1
0.32 0.12 0.79 1
0.295 0.25 0.26 2
0.315 0.32 0.29 2
0.25 0.29 0.15 1
0.27 0.1 0.1 1
0.248 0.3 0.31 0
0.325 0.25 0.38 3
0.27 0.31 0.32 1
0.29 0.29 0.4 1
0.29 0.3 0.52 2
0.258 0.28 0.64 2
0.32 0.255 0.55 2
0.251 0.265 0.57 0
0.288 0.31 0.79 1
0.323 0.32 0.89 3
0.255 0.305 0.86 1
0.295 0.25 0.73 1
0.258 0.25 0.295 3
0.29 0.25 0.29 2
0.243 0.27 0.08 1
0.27 0.28 0.18 1
0.299 0.32 0.31 3
0.3 0.27 0.31 2
0.245 0.26 0.38 1
0.295 0.29 0.31 1
0.29 0.3 0.56 2
0.26 0.28 0.6 2
0.305 0.255 0.63 2
0.32 0.27 0.52 2
0.299 0.295 0.8 3
0.276 0.255 0.81 1
0.258 0.31 0.88 1
0.32 0.28 0.72 3
0.329 0.55 0.02 3
0.295 0.59 0.29 2
0.285 0.64 0.18 2
0.265 0.6 0.28 0
0.315 0.69 0.28 3
0.28 0.78 0.44 2
0.325 0.61 0.46 3
0.28 0.65 0.4 1
0.255 0.75 0.35 1
0.305 0.55 0.5 1
0.3 0.85 0.54 2
0.325 0.9 0.52 3
0.312 0.8 0.67 3
0.299 0.7 0.95 3
0.265 0.76 0.8 1
0.255 0.72 0.72 1
0.295 0.6 0.72 2
0.39 0.05 0.02 1
0.4 0.18 0.26 2
0.45 0.04 0.18 0
0.48 0.12 0.28 3
0.4 0.12 0.41 2
0.41 0.18 0.33 2
0.38 0.1 0.4 1
0.37 0.06 0.32 1
0.41 0.09 0.58 2
0.38 0.01 0.53 1
0.33 0.04 0.5 0
0.42 0.15 0.66 2
0.44 0.08 0.8 2
0.39 0.15 0.81 1
0.42 0.21 0.87 2
0.46 0.2 0.76 3
0.365 0.243 0.19 1
0.33 0.27 0.2 0
0.345 0.299 0.1 1
0.48 0.3 0.15 3
0.49 0.245 0.38 3
0.334 0.295 0.33 1
0.36 0.29 0.37 0
0.39 0.26 0.39 1
0.43 0.305 0.51 2
0.44 0.32 0.55 2
0.45 0.299 0.63 2
0.495 0.276 0.58 3
0.465 0.258 0.73 2
0.475 0.32 0.79 2
0.348 0.329 0.83 1
0.385 0.26 0.76 2
0.445 0.39 0.02 3
0.43 0.45 0.27 3
0.33 0.34 0.1 0
0.4 0.33 0.12 3
0.34 0.4 0.38 2
0.38 0.36 0.46 3
0.35 0.38 0.32 1
0.41 0.49 0.34 3
0.42 0.36 0.63 1
0.43 0.38 0.62 2
0.44 0.33 0.59 3
0.4 0.42 0.58 1
0.46 0.44 0.89 2
0.38 0.39 0.79 1
0.39 0.42 0.83 1
0.49 0.34 0.88 3
0.46 0.64 0.22 2
0.44 0.55 0.11 3
0.365 0.68 0.1 1
0.45 0.65 0.19 3
0.46 0.78 0.38 3
0.37 0.55 0.41 1
0.38 0.59 0.31 1
0.49 0.64 0.34 1
0.495 0.82 0.67 3
0.44 0.69 0.61 2
0.365 0.57 0.59 1
0.49 0.9 0.52 3
0.445 0.7 0.82 2
0.42 0.7 0.72 3
0.37 0.6 0.77 2
0.4 0.61 0.71 3
0.6 0.14 0.22 2
0.55 0.1 0.27 1
0.68 0.19 0.19 0
0.73 0.2 0.07 1
0.78 0.15 0.38 2
0.55 0.1 0.34 0
0.59 0.18 0.31 0
0.64 0.09 0.33 2
0.6 0.19 0.55 0
0.69 0.02 0.62 1
0.78 0.21 0.68 3
0.62 0.14 0.52 1
0.7 0.18 0.88 2
0.75 0.015 0.78 2
0.55 0.17 0.71 0
0.85 0.05 0.91 3
0.78 0.27 0.13 2
0.8 0.29 0.06 2
0.9 0.26 0.19 3
0.76 0.258 0.07 2
0.72 0.32 0.48 2
0.6 0.251 0.39 1
0.52 0.288 0.32 1
0.6 0.31 0.31 3
0.51 0.255 0.55 2
0.58 0.295 0.62 1
0.61 0.258 0.56 1
0.77 0.267 0.59 2
0.79 0.28 0.88 2
0.68 0.27 0.78 2
0.58 0.299 0.73 1
0.77 0.29 0.74 3
0.71 0.475 0.13 2
0.58 0.348 0.06 1
0.88 0.335 0.19 3
0.99 0.49 0.07 3
0.73 0.43 0.32 2
0.61 0.33 0.36 1
0.51 0.4 0.4 1
0.83 0.44 0.49 3
0.66 0.38 0.55 2
0.58 0.35 0.51 1
0.523 0.41 0.55 1
0.66 0.36 0.56 3
0.62 0.37 0.81 2
0.52 0.44 0.82 2
0.5 0.4 0.73 1
0.71 0.46 0.95 3
0.64 0.55 0.15 2
0.52 0.85 0.06 1
0.62 0.62 0.24 2
0.91 0.58 0.26 3
0.62 0.67 0.39 2
0.58 0.58 0.31 1
0.89 0.68 0.49 3
0.72 0.6 0.45 2
0.68 0.63 0.65 2
0.56 0.6 0.6 2
0.54 0.51 0.55 1
0.61 0.78 0.69 3
0.78 0.61 0.71 2
0.54 0.82 0.71 3
0.5 0.75 0.81 2
0.66 0.9 0.76 3