1.273296 1.988415 1.092129 1.23103 2.845915 0.986743 2.060128 2.139194 1.897349 2.376131 3.053773 2.422723 2.02565 3.852939 3.002761 -20.96958868
1.40883 2.066467 1.094921 1.023087 3.023605 1.010755 1.977243 1.801403 1.804343 2.284471 2.72009 1.997917 1.978416 3.767225 3.014563 -18.24979988
1.229587 1.958003 1.072063 1.067208 3.05561 1.22092 1.790097 1.944492 2.263894 1.959859 2.94291 3.206645 1.930439 3.914796 2.981236 -18.92802424
1.24081 1.844431 1.075932 1.095097 3.076672 1.130692 1.813223 1.942872 2.272741 1.879543 2.841009 3.173164 1.920474 3.946171 2.980307 -18.89372402
1.262658 1.725246 1.082576 1.12702 3.100491 1.011226 1.852373 1.951928 2.28065 1.815282 2.719548 3.1117 1.913796 3.988129 2.990518 -18.50815878
1.290272 1.658801 1.089984 1.148941 3.124303 0.945587 1.905433 1.956151 2.281444 1.792777 2.635127 3.083644 1.899965 4.035837 3.009051 -17.8322493
1.321321 1.676609 1.095935 1.152114 3.148139 0.984929 1.969251 1.95067 2.27431 1.815087 2.625566 3.130402 1.874163 4.087087 3.037424 -17.85754112
1.350023 1.757928 1.100081 1.135918 3.168303 1.096039 2.037223 1.937866 2.26255 1.878102 2.668478 3.226468 1.832913 4.137038 3.075363 -17.99497168
1.373585 1.855102 1.104258 1.102596 3.184925 1.196566 2.103339 1.923806 2.252525 1.975404 2.709009 3.303148 1.779817 4.184978 3.123515 -17.82606601
1.391932 1.929247 1.105193 1.061392 3.197826 1.238846 2.161874 1.91704 2.245306 2.086383 2.7181 3.319803 1.721563 4.225378 3.179591 -17.71341815
1.4032 1.966742 1.108028 1.030327 3.207279 1.207477 2.212847 1.931483 2.245561 2.203169 2.703355 3.266532 1.670357 4.261414 3.247603 -17.86621128
1.408384 1.977165 1.109225 1.023112 3.213333 1.118324 2.252824 1.971451 2.249435 2.323223 2.691235 3.150616 1.637623 4.28742 3.323351 -18.2450705
1.424144 2.078355 1.076666 1.168789 3.039569 0.970401 1.968038 1.959168 1.805699 2.294936 2.861536 1.928392 2.091948 3.755592 3.134555 -17.97758891
1.405555 1.988816 1.109618 1.046362 3.216296 1.016793 2.279659 2.036817 2.256673 2.452329 2.71906 3.006779 1.625545 4.302894 3.408373 -18.50418316
1.39637 2.04742 1.109415 1.088278 3.217583 0.979886 2.294645 2.113949 2.262114 2.604581 2.823956 2.888247 1.630853 4.308299 3.494828 -18.67687206
1.378932 2.164449 1.108672 1.132118 3.215537 1.039347 2.295074 2.185134 2.264992 2.781699 3.002357 2.817689 1.639207 4.302453 3.574408 -19.03382186
1.359465 2.302186 1.104622 1.161243 3.214837 1.147551 2.282632 2.237456 2.26642 2.955033 3.198616 2.773581 1.641817 4.287372 3.638826 -19.01188958
1.342338 2.410283 1.097964 1.169751 3.214208 1.236371 2.260669 2.267843 2.265991 3.084353 3.353041 2.721043 1.634575 4.263627 3.681466 -18.73926853
1.333549 2.463741 1.089132 1.155755 3.215271 1.269328 2.235023 2.279577 2.262127 3.147045 3.434809 2.64461 1.616965 4.233334 3.700656 -18.65741005
1.330195 2.458715 1.084182 1.125553 3.216682 1.242047 2.209242 2.273785 2.255102 3.141916 3.43864 2.544136 1.594704 4.201938 3.699972 -18.8674183
1.336225 2.403737 1.08189 1.08821 3.220131 1.159408 2.187958 2.258793 2.242511 3.076186 3.374492 2.429498 1.574037 4.171149 3.680802 -19.25120009
1.34562 2.319184 1.085933 1.056526 3.223946 1.04921 2.17026 2.239115 2.225461 2.968896 3.26954 2.320916 1.565652 4.144521 3.650354 -19.44293629
1.356536 2.250006 1.090291 1.046597 3.228955 0.963721 2.152239 2.2239 2.203801 2.857946 3.178789 2.240967 1.577374 4.118508 3.614681 -19.22802533
1.425679 2.132437 1.066276 1.291829 3.049618 0.990545 1.964826 2.107007 1.813618 2.345824 3.046787 1.88376 2.193318 3.755479 3.265676 -17.59056022
1.361277 2.239759 1.098041 1.06516 3.232097 0.960886 2.133168 2.213032 2.179744 2.785331 3.153806 2.203482 1.609955 4.09404 3.578847 -19.23969203
1.363485 2.291292 1.102347 1.103052 3.236417 1.043432 2.111736 2.200139 2.152647 2.748612 3.18793 2.206637 1.658179 4.06856 3.540669 -19.45345384
1.363145 2.358863 1.102176 1.142586 3.237146 1.159494 2.088103 2.177905 2.123274 2.715419 3.225662 2.238381 1.706372 4.039735 3.496817 -19.17701283
1.367077 2.402417 1.097254 1.168785 3.238723 1.254323 2.066372 2.145212 2.093733 2.660092 3.220144 2.28012 1.745002 4.011375 3.449704 -18.64770177
1.373652 2.404953 1.090908 1.172233 3.235798 1.306171 2.048641 2.098531 2.061152 2.579071 3.15611 2.31243 1.769624 3.983438 3.396491 -18.27594124
1.380661 2.359988 1.084104 1.150183 3.229232 1.310156 2.035703 2.03816 2.02762 2.472503 3.032502 2.328301 1.775286 3.957308 3.341316 -18.16866713
1.385929 2.271838 1.08128 1.105601 3.218132 1.265567 2.027221 1.971739 1.99587 2.350563 2.864459 2.326461 1.766636 3.936845 3.291368 -18.29906403
1.388376 2.147493 1.084478 1.050833 3.201455 1.180707 2.025718 1.910468 1.964439 2.224181 2.671563 2.305563 1.75448 3.921556 3.250418 -18.45579659
1.384614 1.9999 1.092793 1.005595 3.181149 1.069297 2.028054 1.869554 1.938177 2.106442 2.484184 2.276057 1.751333 3.913287 3.228315 -18.38891265
1.372568 1.859321 1.100947 0.99615 3.155087 0.96858 2.031646 1.863071 1.914905 2.015792 2.347945 2.251176 1.772348 3.906956 3.22671 -17.9778232
1.416097 2.217543 1.074023 1.370933 3.053016 1.056465 1.972659 2.225414 1.826155 2.430985 3.242617 1.859677 2.266315 3.770157 3.391249 -17.37310825
1.352111 1.765461 1.106165 1.026552 3.125199 0.930472 2.032427 1.892327 1.895828 1.961091 2.301036 2.251181 1.818587 3.899296 3.24862 -17.72875733
1.323212 1.740604 1.108839 1.083358 3.092049 0.980582 2.029953 1.945425 1.881713 1.946815 2.35231 2.286269 1.878848 3.890807 3.290354 -18.10429482
1.292633 1.768777 1.107204 1.139764 3.05802 1.079887 2.02314 2.001965 1.869028 1.96845 2.462057 2.336468 1.931201 3.8777 3.339867 -18.30443995
1.26264 1.817174 1.103599 1.176533 3.023666 1.176953 2.010325 2.049472 1.859482 2.015986 2.583986 2.378149 1.959687 3.860412 3.387845 -18.1463245
1.241798 1.866928 1.096778 1.183415 2.994144 1.237998 1.991905 2.082334 1.850913 2.073782 2.692139 2.393031 1.955821 3.837646 3.427677 -18.06180037
1.230474 1.905693 1.090254 1.159711 2.968656 1.255932 1.971961 2.098323 1.841894 2.13146 2.772081 2.375473 1.922275 3.811742 3.454107 -18.23580604
1.233758 1.930868 1.083212 1.110242 2.951193 1.224731 1.954999 2.102305 1.831904 2.181242 2.821236 2.3251 1.862819 3.78616 3.467502 -18.73506706
1.252146 1.947425 1.07832 1.052022 2.939604 1.153489 1.944579 2.107272 1.819109 2.220509 2.851706 2.248098 1.795304 3.761652 3.470847 -19.33647907
1.277887 1.963275 1.078315 1.010486 2.932864 1.060327 1.942812 2.126381 1.807751 2.256618 2.886241 2.157006 1.738811 3.744242 3.477847 -19.69905731
1.309042 2.000374 1.078221 1.01262 2.928207 0.983769 1.949378 2.177085 1.79501 2.30359 2.960867 2.072221 1.712921 3.730817 3.497111 -19.71925784
1.397839 2.306462 1.094876 1.405072 3.052955 1.135529 1.988863 2.309214 1.84403 2.530063 3.412707 1.850159 2.300385 3.797664 3.502649 -17.21567962
1.337491 2.085748 1.079615 1.056912 2.924527 0.973169 1.962926 2.25052 1.785623 2.38518 3.100634 2.020295 1.717199 3.725387 3.527127 -19.71960805
1.361195 2.217971 1.082933 1.122838 2.920338 1.038785 1.983557 2.328447 1.77842 2.503299 3.288074 2.012269 1.737105 3.727903 3.556636 -19.69190474
1.382669 2.368238 1.083231 1.181928 2.916748 1.142141 2.006971 2.389098 1.77352 2.639308 3.468496 2.034295 1.753272 3.734027 3.567679 -19.2160408
1.400739 2.495714 1.083023 1.220575 2.91261 1.237506 2.035391 2.421404 1.771909 2.766167 3.591213 2.070467 1.753293 3.746105 3.552966 -18.52617531
1.417582 2.582185 1.08184 1.228307 2.908102 1.30021 2.068436 2.420548 1.772911 2.86654 3.633072 2.103874 1.736005 3.762908 3.508013 -18.01581331
1.432885 2.620206 1.081774 1.205893 2.903306 1.320717 2.104342 2.387229 1.778251 2.932513 3.591536 2.126067 1.704039 3.783844 3.435149 -17.83525918
1.445114 2.605097 1.082076 1.157467 2.896456 1.297321 2.142547 2.323969 1.785334 2.958441 3.471847 2.134124 1.664817 3.806385 3.336793 -17.98468215
1.453225 2.537967 1.083619 1.093917 2.888626 1.23164 2.1822 2.239204 1.79631 2.944831 3.289315 2.131443 1.630728 3.831433 3.220097 -18.34785824
1.456031 2.425118 1.089317 1.035198 2.878476 1.13339 2.222531 2.149202 1.809489 2.893692 3.068602 2.125904 1.617627 3.857547 3.096685 -18.66991106
1.449654 2.28519 1.097165 1.008028 2.865153 1.028483 2.257139 2.075724 1.825588 2.816588 2.852132 2.131076 1.638754 3.880466 2.980422 -18.74291788
1.376285 2.374285 1.113743 1.393675 3.049957 1.196901 2.003794 2.356927 1.863232 2.61647 3.525504 1.846812 2.275966 3.823892 3.593788 -17.22544885
1.434563 2.158912 1.103957 1.025655 2.849285 0.963776 2.282619 2.031097 1.843237 2.741554 2.689131 2.168133 1.693234 3.896317 2.876622 -18.65984059
1.407131 2.077038 1.11068 1.076238 2.830376 0.977996 2.294666 2.009735 1.863114 2.690074 2.605741 2.24689 1.766937 3.903968 2.784784 -18.86403698
1.369765 2.041824 1.113599 1.132617 2.809044 1.06071 2.288864 1.999545 1.885867 2.661399 2.591954 2.360677 1.834102 3.900181 2.706074 -19.06002853
1.329798 2.028428 1.109974 1.1727 2.785898 1.159618 2.26539 1.987099 1.910304 2.634868 2.607635 2.482707 1.878056 3.882481 2.635029 -18.85176074
1.28987 2.01304 1.100931 1.182236 2.760616 1.236663 2.227232 1.965481 1.936674 2.595872 2.6241 2.590544 1.888784 3.853352 2.57367 -18.52520086
1.256618 1.985058 1.084412 1.161168 2.735381 1.272738 2.178759 1.933678 1.962897 2.534659 2.623843 2.672018 1.868027 3.814061 2.520714 -18.34301239
1.232956 1.942377 1.066492 1.111531 2.710941 1.263838 2.126851 1.894311 1.988654 2.451281 2.604216 2.725207 1.826612 3.772488 2.478212 -18.4065493
1.223515 1.886412 1.052202 1.049626 2.68898 1.208083 2.081158 1.85945 2.012956 2.351441 2.570624 2.751538 1.783891 3.735597 2.445406 -18.68551855
1.230658 1.825419 1.047856 1.000807 2.671454 1.115135 2.04954 1.850178 2.034995 2.245659 2.543731 2.757115 1.765435 3.71072 2.425496 -19.04994527
1.24911 1.778148 1.056864 0.993929 2.656498 1.01305 2.033255 1.883594 2.055145 2.155069 2.558336 2.761176 1.795035 3.699107 2.41456 -19.28826528
1.352529 2.407532 1.112646 1.340655 3.045355 1.225324 2.003766 2.366811 1.884689 2.673866 3.564889 1.844295 2.177674 3.835912 3.659104 -17.55242126
1.2752 1.778364 1.075395 1.036364 2.646368 0.955341 2.028697 1.958405 2.070393 2.09868 2.649308 2.796841 1.87609 3.698661 2.413757 -19.40740175
1.304314 1.851542 1.096071 1.104253 2.638563 0.986603 2.029373 2.052893 2.080052 2.088485 2.823756 2.890982 1.978888 3.700229 2.424176 -19.70624743
1.333353 1.981843 1.112965 1.167755 2.631474 1.087793 2.028526 2.141764 2.084301 2.117847 3.038616 3.026425 2.07109 3.696725 2.4452 -19.70337579
1.360738 2.125672 1.119027 1.207779 2.623108 1.200307 2.018663 2.20997 2.087546 2.169684 3.228963 3.158495 2.128435 3.68027 2.469908 -19.15548574
1.386451 2.2487 1.108662 1.216931 2.616282 1.286626 1.999843 2.249529 2.090539 2.229417 3.352697 3.254878 2.137407 3.650602 2.495816 -18.53767221
1.407774 2.330921 1.085391 1.193832 2.608337 1.326103 1.973863 2.259356 2.095324 2.2839 3.393057 3.299159 2.098843 3.609576 2.517486 -18.18751443
1.425578 2.366154 1.061083 1.142738 2.59961 1.316014 1.954007 2.242612 2.099249 2.327425 3.351786 3.28746 2.026223 3.570708 2.536344 -18.14664097
1.435263 2.351036 1.045167 1.07774 2.587632 1.257108 1.946828 2.207071 2.102429 2.358298 3.243064 3.220335 1.940184 3.54234 2.549899 -18.32779839
1.437062 2.292974 1.043905 1.018154 2.574147 1.158383 1.956603 2.169052 2.105396 2.380033 3.095748 3.10655 1.864338 3.532501 2.561817 -18.52388001
1.429777 2.207262 1.057675 0.995103 2.559374 1.043361 1.986155 2.151011 2.105639 2.404038 2.955691 2.968634 1.82755 3.541685 2.572307 -18.54761859
1.333132 2.402525 1.097728 1.247357 3.042476 1.212847 1.996682 2.340547 1.90476 2.697569 3.524172 1.843065 2.013475 3.837963 3.695931 -18.17545996
1.40881 2.132193 1.080839 1.019597 2.547156 0.964658 2.030239 2.155863 2.101057 2.453326 2.871314 2.852867 1.834215 3.567587 2.580476 -18.45827747
1.376577 2.106713 1.105923 1.076187 2.53586 0.965474 2.076972 2.173356 2.087872 2.538332 2.866319 2.796786 1.864894 3.59691 2.584948 -18.66599667
1.334071 2.12974 1.126733 1.138851 2.525646 1.041724 2.118773 2.182261 2.065345 2.650324 2.916972 2.79903 1.89024 3.621773 2.58134 -18.97828597
1.291417 2.168198 1.136909 1.182988 2.519731 1.14231 2.150125 2.170576 2.038425 2.754531 2.973181 2.826994 1.88889 3.636311 2.566679 -18.82911688
1.256945 2.193003 1.128875 1.193453 2.517723 1.220932 2.165645 2.130235 2.008619 2.819396 2.994244 2.846743 1.847604 3.632645 2.538602 -18.50695167
1.237261 2.190565 1.104783 1.168484 2.522542 1.257872 2.170647 2.066221 1.978003 2.835346 2.969263 2.844514 1.773139 3.616214 2.49915 -18.408868
1.234613 2.159279 1.071837 1.113027 2.531954 1.248801 2.170896 1.985969 1.944202 2.80252 2.89967 2.814531 1.680776 3.593584 2.454197 -18.62529764
1.246825 2.100036 1.045805 1.044463 2.543975 1.192912 2.178382 1.905146 1.909711 2.736026 2.798121 2.755563 1.600187 3.578511 2.4079 -18.99022778
1.271812 2.022314 1.036763 0.992428 2.559903 1.101892 2.200415 1.848529 1.874719 2.654139 2.694645 2.675121 1.565155 3.581738 2.369617 -19.29811452
1.301307 1.94511 1.056007 0.988671 2.575066 1.002706 2.240145 1.837908 1.840249 2.584199 2.631178 2.592201 1.60243 3.607442 2.342052 -19.42540821
1.319021 2.361537 1.080811 1.126877 3.041378 1.162496 1.991549 2.286497 1.923644 2.69268 3.414306 1.846078 1.804645 3.838099 3.70829 -18.7614819
1.329725 1.904313 1.095144 1.036161 2.591661 0.945561 2.286317 1.869727 1.80702 2.550279 2.645097 2.540434 1.705978 3.648154 2.32942 -19.39250693
1.353912 1.926908 1.140804 1.106373 2.606306 0.96984 2.323856 1.923486 1.773038 2.555259 2.748096 2.547092 1.841346 3.687508 2.336605 -19.52788655
1.372791 2.001793 1.17947 1.171512 2.619586 1.060241 2.340648 1.979458 1.742013 2.579271 2.905562 2.601 1.973614 3.712433 2.364555 -19.51765689
1.385822 2.092662 1.200247 1.205842 2.63016 1.160902 2.325246 2.023066 1.717821 2.593535 3.052561 2.658599 2.07036 3.711957 2.412656 -19.18513658
1.394898 2.167785 1.193028 1.199554 2.637985 1.227441 2.269954 2.048798 1.701755 2.575471 3.141112 2.683961 2.110309 3.676495 2.475465 -18.98455172
1.398463 2.207941 1.161503 1.158445 2.643913 1.239473 2.17775 2.058923 1.696987 2.517059 3.155912 2.662868 2.095433 3.610652 2.549462 -19.16012368
1.394476 2.207899 1.120145 1.100829 2.647958 1.193078 2.060598 2.062937 1.703694 2.425775 3.109015 2.589752 2.049005 3.528495 2.634629 -19.55126104
1.383979 2.174886 1.081723 1.050407 2.65002 1.104573 1.935162 2.074827 1.719484 2.316014 3.032921 2.480021 1.997843 3.444782 2.732078 -19.76080887
1.363875 2.134221 1.056669 1.030663 2.647752 1.012351 1.816141 2.099648 1.739773 2.215476 2.974323 2.359246 1.971019 3.372164 2.836617 -19.49849584
1.335019 2.118913 1.050148 1.052848 2.645779 0.966056 1.716297 2.140558 1.76251 2.15135 2.978218 2.265919 1.983761 3.324171 2.949419 -19.02418514
